24.3890
28.5045
27.1359
28.4994
26.1153
24.4007
27.9841
29.2724
31.5948
27.5735
26.6798
28.3548
27.1771
31.5789
29.2620
26.4734
25.6661
26.1249
31.4505
26.9680
24.2251
27.2688
27.0000
21.8551
27.8620
25.4479
31.6132
27.3766
28.7256
28.6738
22.5035
25.8648
31.0665
25.2974
27.7374
27.4006
31.9824
26.6747
26.8474
27.7602
26.2275
27.9009
31.9526
25.4430
25.2481
25.5262
24.5321
28.5722
27.9582
30.3794
25.7588
26.1236
29.2418
30.8185
29.9153
27.0309
30.1150
29.9007
22.1249
27.6545
35.6968
24.9089
31.3572
23.0082
25.6200
27.6219
28.7464
25.7228
27.5514
0.7731
0.8737
0.8638
0.8959
0.8400
0.7966
0.9043
0.8918
0.9254
0.8725
0.8816
0.8663
0.8416
0.9143
0.8968
0.8439
0.8325
0.8800
0.9282
0.8841
0.8677
0.8894
0.8840
0.7917
0.9181
0.8348
0.9230
0.8565
0.8806
0.8690
0.7709
0.8921
0.9335
0.8302
0.8466
0.8290
0.9285
0.7062
0.8449
0.8646
0.8425
0.8760
0.9126
0.8388
0.8072
0.8122
0.8189
0.9164
0.9218
0.8966
0.8560
0.8318
0.8617
0.9017
0.8798
0.8380
0.8657
0.8688
0.7251
0.8727
0.9753
0.8295
0.9288
0.8373
0.7831
0.8353
0.8729
0.8243
0.8617
